(1, 254):	5
(1, 1):	6
(2, 254):	6
(1, 2):	14
(3, 254):	14
(3, 1):	24
(1, 4):	4
(1, 5):	15
(7, 254):	4
(7, 1):	3
(12, 254):	3
(12, 2):	12
(12, 3):	13
(12, 1):	2
(16, 254):	13
(17, 254):	12
(18, 254):	2
(16, 1):	23
(17, 2):	22
(17, 1):	11
(18, 1):	1
(21, 254):	22
(22, 254):	23
(21, 1):	32
(23, 254):	11
(24, 254):	1
(22, 1):	33
(23, 1):	10
(23, 2):	21
(24, 1):	0
(25, 254):	33
(25, 2):	34
(31, 254):	32
(31, 2):	31
(32, 254):	10
(32, 1):	20
(39, 254):	31
(39, 1):	30
(44, 254):	30
(44, 1):	40
(8, 1):	26
(8, 2):	35
(8, 3):	36
(9, 1):	27
(9, 2):	37
(9, 3):	17
(4, 254):	37
(4, 1):	28
(5, 254):	40
(5, 1):	41
(6, 1):	18
(13, 1):	45
(20, 254):	45
(20, 1):	55
(45, 1):	52
(20, 2):	56
(26, 254):	18
(26, 1):	8
(26, 2):	19
(26, 3):	9
(20, 3):	46
(40, 1):	62
(15, 254):	28
(15, 2):	38
(15, 1):	39
(27, 254):	56
(27, 1):	57
(28, 254):	55
(28, 1):	65
(28, 2):	54
(27, 2):	66
(29, 254):	62
(29, 1):	63
(30, 254):	38
(30, 2):	49
(30, 1):	48
(10, 254):	66
(10, 1):	77
(34, 254):	54
(34, 1):	64
(35, 254):	65
(35, 1):	75
(36, 254):	19
(36, 1):	29
(37, 254):	63
(37, 1):	73
(38, 254):	48
(38, 1):	59
(14, 254):	77
(14, 1):	87
(41, 254):	64
(41, 1):	74
(42, 254):	73
(42, 2):	83
(42, 1):	72
(19, 254):	59
(19, 1):	68
(43, 254):	87
(43, 1):	78
(46, 254):	83
(33, 254):	72
(33, 1):	82
(46, 1):	93
(46, 2):	92
(33, 3):	81
(33, 2):	71
(53, 1):	80
(53, 2):	70
(47, 254):	78
(47, 2):	79
(47, 1):	88
(53, 3):	60
(48, 254):	93
(48, 1):	94
(49, 254):	81
(49, 1):	90
(50, 254):	92
(50, 1):	91
(51, 254):	88
(51, 1):	98
(51, 2):	99
(52, 254):	94
(52, 1):	95
(52, 2):	85
(54, 254):	98
(54, 1):	97
