(1, 1):	82
(1, 2):	68
(1, 3):	66
(1, 254):	67
(2, 1):	84
(2, 2):	69
(2, 3):	98
(2, 4):	97
(2, 254):	83
(3, 1):	51
(3, 2):	37
(3, 3):	53
(3, 254):	52
(4, 1):	22
(4, 254):	21
(5, 1):	86
(5, 2):	71
(5, 3):	70
(5, 254):	85
(6, 1):	55
(6, 2):	39
(6, 254):	54
(7, 1):	35
(7, 2):	50
(7, 254):	36
(8, 254):	23
(9, 1):	88
(9, 2):	72
(9, 254):	87
(10, 1):	116
(10, 2):	100
(10, 3):	102
(10, 254):	101
(11, 1):	96
(11, 2):	95
(11, 3):	80
(11, 254):	81
(12, 1):	25
(12, 2):	9
(12, 254):	24
(13, 1):	56
(13, 2):	42
(13, 3):	57
(13, 4):	26
(13, 5):	40
(13, 254):	41
(14, 1):	20
(14, 2):	4
(14, 3):	5
(14, 4):	34
(14, 254):	19
(15, 1):	115
(15, 2):	114
(15, 3):	113
(15, 254):	99
(16, 1):	126
(16, 2):	112
(16, 254):	111
(17, 1):	130
(17, 2):	147
(17, 3):	146
(17, 4):	145
(17, 254):	131
(18, 1):	89
(18, 2):	73
(18, 3):	59
(18, 254):	74
(19, 1):	117
(19, 2):	132
(19, 3):	133
(19, 4):	119
(19, 5):	103
(19, 254):	118
(20, 254):	10
(21, 1):	65
(21, 2):	78
(21, 3):	63
(21, 4):	79
(21, 254):	64
(22, 1):	125
(22, 2):	109
(22, 3):	94
(22, 254):	110
(23, 1):	43
(23, 2):	13
(23, 3):	29
(23, 4):	27
(23, 254):	28
(24, 1):	12
(24, 254):	11
(25, 254):	58
(26, 1):	2
(26, 2):	18
(26, 254):	3
(27, 1):	144
(27, 254):	129
(28, 254):	38
(29, 1):	32
(29, 2):	17
(29, 3):	47
(29, 254):	33
(30, 1):	48
(30, 254):	49
(31, 1):	142
(31, 2):	156
(31, 254):	141
(32, 1):	143
(32, 2):	127
(32, 254):	128
(33, 1):	155
(33, 254):	140
(34, 1):	139
(34, 2):	138
(34, 3):	123
(34, 254):	124
(35, 1):	176
(35, 2):	161
(35, 254):	162
(36, 1):	160
(36, 2):	174
(36, 254):	159
(37, 254):	148
(38, 254):	104
(39, 1):	92
(39, 2):	107
(39, 3):	108
(39, 254):	93
(40, 254):	134
(41, 254):	44
(42, 1):	0
(42, 2):	15
(42, 3):	16
(42, 254):	1
(43, 1):	173
(43, 2):	157
(43, 254):	158
(44, 1):	190
(44, 254):	175
(45, 1):	62
(45, 2):	45
(45, 3):	60
(45, 254):	46
(46, 1):	30
(46, 254):	31
(47, 254):	172
(48, 1):	170
(48, 2):	186
(48, 3):	185
(48, 254):	171
(49, 1):	137
(49, 2):	168
(49, 3):	167
(49, 4):	151
(49, 254):	152
(50, 1):	192
(50, 254):	191
(51, 1):	154
(51, 2):	169
(51, 254):	153
(52, 1):	61
(52, 2):	76
(52, 3):	91
(52, 254):	77
(53, 1):	121
(53, 254):	122
(54, 254):	189
(55, 1):	183
(55, 254):	184
(56, 1):	135
(56, 254):	136
(57, 1):	178
(57, 2):	193
(57, 254):	177
(58, 254):	75
(59, 1):	106
(59, 2):	105
(59, 254):	120
(60, 1):	188
(60, 254):	187
(61, 1):	198
(61, 254):	199
(62, 1):	196
(62, 2):	180
(62, 3):	182
(62, 4):	166
(62, 254):	181
(63, 1):	165
(63, 254):	150
(64, 254):	90
(65, 1):	164
(65, 2):	149
(65, 254):	163
(66, 254):	197
(67, 254):	195
(68, 1):	179
(68, 254):	194
(69, 1):	8
(69, 2):	6
(69, 254):	7
(70, 254):	14
